{
 "cells": [
  {
   "cell_type": "markdown",
   "id": "a6be4f99",
   "metadata": {},
   "source": [
    "# 编码自注意力机制"
   ]
  },
  {
   "cell_type": "markdown",
   "id": "6ef7413d",
   "metadata": {},
   "source": [
    "## 1. 无可训练权重的简单自注意力机制\n",
    "\n",
    "简化的不包含任何可训练权重的简化的自注意力机制的变体。\n",
    "\n",
    "输入序列中的每个元素 $x^{(i)}$ 计算上下文向量 $z^{(i)}$（包含了序列中所有元素信息的嵌入向量） "
   ]
  },
  {
   "cell_type": "code",
   "execution_count": 1,
   "id": "e63f1eb4",
   "metadata": {},
   "outputs": [],
   "source": [
    "import torch"
   ]
  },
  {
   "cell_type": "code",
   "execution_count": 2,
   "id": "c3fb2c37",
   "metadata": {},
   "outputs": [],
   "source": [
    "# 以第二个输入元素 x^2 作为查询，演示上下文向量 z^2 的计算过程\n",
    "inputs = torch.tensor(\n",
    "    [\n",
    "        [0.43, 0.15, 0.89], # Your       (x^1)\n",
    "        [0.55, 0.87, 0.66], # journey    (x^2)\n",
    "        [0.57, 0.85, 0.64], # starts     (x^3)\n",
    "        [0.22, 0.58, 0.33], # with       (x^4)\n",
    "        [0.77, 0.25, 0.10], # one        (x^5)\n",
    "        [0.05, 0.80, 0.55], # step       (x^6)\n",
    "    ]\n",
    ")"
   ]
  },
  {
   "cell_type": "code",
   "execution_count": 3,
   "id": "3f433825",
   "metadata": {},
   "outputs": [
    {
     "name": "stdout",
     "output_type": "stream",
     "text": [
      "Attention Scores:\n",
      " tensor([0.9544, 1.4950, 1.4754, 0.8434, 0.7070, 1.0865])\n"
     ]
    }
   ],
   "source": [
    "# 通过计算查询词元 x ^ 2 与其他所有输入词元的点积确定自注意分数 w \n",
    "query = inputs[1]\n",
    "atten_scores_2 = torch.empty(inputs.shape[0])\n",
    "for i, x_i in enumerate(inputs):\n",
    "    atten_scores_2[i] = torch.dot(query, x_i)\n",
    "print(\"Attention Scores:\\n\", atten_scores_2)"
   ]
  },
  {
   "cell_type": "code",
   "execution_count": 4,
   "id": "ba087db0",
   "metadata": {},
   "outputs": [
    {
     "name": "stdout",
     "output_type": "stream",
     "text": [
      "Attention weights: tensor([0.1455, 0.2278, 0.2249, 0.1285, 0.1077, 0.1656])\n",
      "Sum: tensor(1.0000)\n"
     ]
    }
   ],
   "source": [
    "# 归一化处理，获取总和为 1 的注意力权重\n",
    "atten_weithts_2_tmp = atten_scores_2 / atten_scores_2.sum()\n",
    "print(\"Attention weights:\", atten_weithts_2_tmp)\n",
    "print(\"Sum:\", atten_weithts_2_tmp.sum())"
   ]
  },
  {
   "cell_type": "code",
   "execution_count": 5,
   "id": "a169b49c",
   "metadata": {},
   "outputs": [
    {
     "name": "stdout",
     "output_type": "stream",
     "text": [
      "Attention weights: tensor([0.1385, 0.2379, 0.2333, 0.1240, 0.1082, 0.1581])\n",
      "Sum: tensor(1.)\n"
     ]
    }
   ],
   "source": [
    "atten_weights_2 = torch.softmax(atten_scores_2, dim=0)\n",
    "print(\"Attention weights:\", atten_weights_2)\n",
    "print(\"Sum:\", atten_weights_2.sum())"
   ]
  },
  {
   "cell_type": "code",
   "execution_count": 6,
   "id": "b5b28bc9",
   "metadata": {},
   "outputs": [
    {
     "name": "stdout",
     "output_type": "stream",
     "text": [
      "Context Vector:\n",
      " tensor([0.4419, 0.6515, 0.5683])\n"
     ]
    }
   ],
   "source": [
    "# 计算 x^2 的上下文向量\n",
    "query = inputs[1]\n",
    "context_vec_2 = torch.zeros(query.shape)\n",
    "for i, x_i in enumerate(inputs):\n",
    "    context_vec_2 += atten_weights_2[i] * x_i\n",
    "print(\"Context Vector:\\n\", context_vec_2)"
   ]
  },
  {
   "cell_type": "code",
   "execution_count": 7,
   "id": "9752a480",
   "metadata": {},
   "outputs": [
    {
     "name": "stdout",
     "output_type": "stream",
     "text": [
      "Attention Scores:\n",
      " tensor([[0.9995, 0.9544, 0.9422, 0.4753, 0.4576, 0.6310],\n",
      "        [0.9544, 1.4950, 1.4754, 0.8434, 0.7070, 1.0865],\n",
      "        [0.9422, 1.4754, 1.4570, 0.8296, 0.7154, 1.0605],\n",
      "        [0.4753, 0.8434, 0.8296, 0.4937, 0.3474, 0.6565],\n",
      "        [0.4576, 0.7070, 0.7154, 0.3474, 0.6654, 0.2935],\n",
      "        [0.6310, 1.0865, 1.0605, 0.6565, 0.2935, 0.9450]])\n",
      "Attention Weights:\n",
      " tensor([[0.2098, 0.2006, 0.1981, 0.1242, 0.1220, 0.1452],\n",
      "        [0.1385, 0.2379, 0.2333, 0.1240, 0.1082, 0.1581],\n",
      "        [0.1390, 0.2369, 0.2326, 0.1242, 0.1108, 0.1565],\n",
      "        [0.1435, 0.2074, 0.2046, 0.1462, 0.1263, 0.1720],\n",
      "        [0.1526, 0.1958, 0.1975, 0.1367, 0.1879, 0.1295],\n",
      "        [0.1385, 0.2184, 0.2128, 0.1420, 0.0988, 0.1896]])\n",
      "All Context Vectors:\n",
      " tensor([[0.4421, 0.5931, 0.5790],\n",
      "        [0.4419, 0.6515, 0.5683],\n",
      "        [0.4431, 0.6496, 0.5671],\n",
      "        [0.4304, 0.6298, 0.5510],\n",
      "        [0.4671, 0.5910, 0.5266],\n",
      "        [0.4177, 0.6503, 0.5645]])\n"
     ]
    }
   ],
   "source": [
    "# 计算所有词元的注意力权重\n",
    "atten_scores = inputs @ inputs.T  # 点积计算注意力分数\n",
    "print(\"Attention Scores:\\n\", atten_scores)\n",
    "\n",
    "# dim=-1 对最后一维归一化注意力分数；【行，列】对列进行归一化，使得每行的值（在列的维度上的总和）为1.\n",
    "atten_weights = torch.softmax(atten_scores, dim=-1)  \n",
    "print(\"Attention Weights:\\n\", atten_weights)\n",
    "\n",
    "all_context_vecs = atten_weights @ inputs  # 计算上下文向量\n",
    "print(\"All Context Vectors:\\n\", all_context_vecs)"
   ]
  },
  {
   "cell_type": "markdown",
   "id": "f4851c7f",
   "metadata": {},
   "source": [
    "## 2. 带可训练权重的自注意力机制"
   ]
  },
  {
   "cell_type": "code",
   "execution_count": 8,
   "id": "beb65f78",
   "metadata": {},
   "outputs": [
    {
     "data": {
      "text/plain": [
       "<torch._C.Generator at 0x1be48330650>"
      ]
     },
     "execution_count": 8,
     "metadata": {},
     "output_type": "execute_result"
    }
   ],
   "source": [
    "from SelfAttention import SelfAttention\n",
    "import torch\n",
    "torch.manual_seed(789)"
   ]
  },
  {
   "cell_type": "code",
   "execution_count": 9,
   "id": "d7cf11b3",
   "metadata": {},
   "outputs": [],
   "source": [
    "inputs = torch.tensor(\n",
    "    [\n",
    "        [0.43, 0.15, 0.89], # Your       (x^1)\n",
    "        [0.55, 0.87, 0.66], # journey    (x^2)\n",
    "        [0.57, 0.85, 0.64], # starts     (x^3)\n",
    "        [0.22, 0.58, 0.33], # with       (x^4)\n",
    "        [0.77, 0.25, 0.10], # one        (x^5)\n",
    "        [0.05, 0.80, 0.55], # step       (x^6)\n",
    "    ]\n",
    ")\n",
    "d_in = 3\n",
    "d_out = 2"
   ]
  },
  {
   "cell_type": "code",
   "execution_count": 10,
   "id": "5407f8b1",
   "metadata": {},
   "outputs": [
    {
     "name": "stdout",
     "output_type": "stream",
     "text": [
      "tensor([[-0.5337, -0.1051],\n",
      "        [-0.5323, -0.1080],\n",
      "        [-0.5323, -0.1079],\n",
      "        [-0.5297, -0.1076],\n",
      "        [-0.5311, -0.1066],\n",
      "        [-0.5299, -0.1081]], grad_fn=<MmBackward0>)\n"
     ]
    }
   ],
   "source": [
    "torch.manual_seed(123)\n",
    "sa_v2 = SelfAttention(d_in, d_out)\n",
    "\n",
    "print(sa_v2(inputs))"
   ]
  },
  {
   "cell_type": "markdown",
   "id": "37330ea1",
   "metadata": {},
   "source": [
    "## 3. 因果自注意力掩码"
   ]
  },
  {
   "cell_type": "code",
   "execution_count": 11,
   "id": "adc8ca05",
   "metadata": {},
   "outputs": [
    {
     "name": "stdout",
     "output_type": "stream",
     "text": [
      "tensor([[0.3111, 0.3479, 0.3471, 0.1714, 0.2350, 0.1928],\n",
      "        [0.1655, 0.2602, 0.2576, 0.1445, 0.1384, 0.1790],\n",
      "        [0.1667, 0.2602, 0.2577, 0.1443, 0.1391, 0.1784],\n",
      "        [0.0510, 0.1080, 0.1064, 0.0643, 0.0476, 0.0835],\n",
      "        [0.1415, 0.1875, 0.1863, 0.0987, 0.1121, 0.1174],\n",
      "        [0.0476, 0.1192, 0.1171, 0.0731, 0.0477, 0.0966]],\n",
      "       grad_fn=<MmBackward0>)\n"
     ]
    }
   ],
   "source": [
    "inputs = torch.tensor(\n",
    "    [\n",
    "        [0.43, 0.15, 0.89], # Your       (x^1)\n",
    "        [0.55, 0.87, 0.66], # journey    (x^2)\n",
    "        [0.57, 0.85, 0.64], # starts     (x^3)\n",
    "        [0.22, 0.58, 0.33], # with       (x^4)\n",
    "        [0.77, 0.25, 0.10], # one        (x^5)\n",
    "        [0.05, 0.80, 0.55], # step       (x^6)\n",
    "    ]\n",
    ")\n",
    "\n",
    "queries = sa_v2.query(inputs)\n",
    "keys = sa_v2.key(inputs)\n",
    "atten_scores = queries @ keys.T\n",
    "print(atten_scores)\n",
    "\n"
   ]
  },
  {
   "cell_type": "code",
   "execution_count": 12,
   "id": "fd9f7b4f",
   "metadata": {},
   "outputs": [
    {
     "name": "stdout",
     "output_type": "stream",
     "text": [
      "tensor([[1., 0., 0., 0., 0., 0.],\n",
      "        [1., 1., 0., 0., 0., 0.],\n",
      "        [1., 1., 1., 0., 0., 0.],\n",
      "        [1., 1., 1., 1., 0., 0.],\n",
      "        [1., 1., 1., 1., 1., 0.],\n",
      "        [1., 1., 1., 1., 1., 1.]])\n",
      "tensor([[0.1717, 0.0000, 0.0000, 0.0000, 0.0000, 0.0000],\n",
      "        [0.1636, 0.1749, 0.0000, 0.0000, 0.0000, 0.0000],\n",
      "        [0.1637, 0.1749, 0.1746, 0.0000, 0.0000, 0.0000],\n",
      "        [0.1636, 0.1704, 0.1702, 0.1652, 0.0000, 0.0000],\n",
      "        [0.1667, 0.1722, 0.1721, 0.1618, 0.1633, 0.0000],\n",
      "        [0.1624, 0.1709, 0.1706, 0.1654, 0.1625, 0.1682]],\n",
      "       grad_fn=<MulBackward0>)\n",
      "tensor([[1.0000, 0.0000, 0.0000, 0.0000, 0.0000, 0.0000],\n",
      "        [0.4833, 0.5167, 0.0000, 0.0000, 0.0000, 0.0000],\n",
      "        [0.3190, 0.3408, 0.3402, 0.0000, 0.0000, 0.0000],\n",
      "        [0.2445, 0.2545, 0.2542, 0.2468, 0.0000, 0.0000],\n",
      "        [0.1994, 0.2060, 0.2058, 0.1935, 0.1953, 0.0000],\n",
      "        [0.1624, 0.1709, 0.1706, 0.1654, 0.1625, 0.1682]],\n",
      "       grad_fn=<DivBackward0>)\n"
     ]
    }
   ],
   "source": [
    "# 计算方式1\n",
    "atten_weights = torch.softmax(atten_scores / (keys.shape[-1] ** 0.5), dim=1)\n",
    "context_length = atten_scores.shape[0] # demo 只有 6个单词，假设上下文就是6\n",
    "mask_simple = torch.tril(torch.ones(context_length, context_length))\n",
    "print(mask_simple)\n",
    "\n",
    "mask_simple = atten_weights * mask_simple\n",
    "print(mask_simple)\n",
    "\n",
    "row_sums = mask_simple.sum(dim=-1, keepdim=True)\n",
    "mask_simple_norm = mask_simple / row_sums\n",
    "print(mask_simple_norm)"
   ]
  },
  {
   "cell_type": "code",
   "execution_count": 13,
   "id": "882b8291",
   "metadata": {},
   "outputs": [
    {
     "name": "stdout",
     "output_type": "stream",
     "text": [
      "tensor([[0.3111,   -inf,   -inf,   -inf,   -inf,   -inf],\n",
      "        [0.1655, 0.2602,   -inf,   -inf,   -inf,   -inf],\n",
      "        [0.1667, 0.2602, 0.2577,   -inf,   -inf,   -inf],\n",
      "        [0.0510, 0.1080, 0.1064, 0.0643,   -inf,   -inf],\n",
      "        [0.1415, 0.1875, 0.1863, 0.0987, 0.1121,   -inf],\n",
      "        [0.0476, 0.1192, 0.1171, 0.0731, 0.0477, 0.0966]],\n",
      "       grad_fn=<MaskedFillBackward0>)\n",
      "tensor([[1.0000, 0.0000, 0.0000, 0.0000, 0.0000, 0.0000],\n",
      "        [0.4833, 0.5167, 0.0000, 0.0000, 0.0000, 0.0000],\n",
      "        [0.3190, 0.3408, 0.3402, 0.0000, 0.0000, 0.0000],\n",
      "        [0.2445, 0.2545, 0.2542, 0.2468, 0.0000, 0.0000],\n",
      "        [0.1994, 0.2060, 0.2058, 0.1935, 0.1953, 0.0000],\n",
      "        [0.1624, 0.1709, 0.1706, 0.1654, 0.1625, 0.1682]],\n",
      "       grad_fn=<SoftmaxBackward0>)\n"
     ]
    },
    {
     "data": {
      "text/plain": [
       "tensor([[-0.4519,  0.2216],\n",
       "        [-0.5874,  0.0058],\n",
       "        [-0.6300, -0.0632],\n",
       "        [-0.5675, -0.0843],\n",
       "        [-0.5526, -0.0981],\n",
       "        [-0.5299, -0.1081]], grad_fn=<MmBackward0>)"
      ]
     },
     "execution_count": 13,
     "metadata": {},
     "output_type": "execute_result"
    }
   ],
   "source": [
    "# 计算方式 2\n",
    "mask = torch.triu(torch.ones(context_length, context_length), diagonal=1)\n",
    "masked = atten_scores.masked_fill(mask.bool(), -torch.inf)\n",
    "print(masked)\n",
    "atten_weights = torch.softmax(masked / (keys.shape[-1] ** 0.5), dim=1)\n",
    "print(atten_weights)\n",
    "\n",
    "atten_weights @ sa_v2.value(inputs)  # 计算上下文向量"
   ]
  },
  {
   "cell_type": "code",
   "execution_count": 14,
   "id": "7b126bf3",
   "metadata": {},
   "outputs": [],
   "source": [
    "# 使用因果注意力类\n",
    "import torch\n",
    "from SelfAttention import CausalSelfAttention\n",
    "\n",
    "# 一个批次一个元素\n",
    "batch =  torch.tensor([\n",
    "        [\n",
    "            [0.43, 0.15, 0.89], # Your       (x^1)\n",
    "            [0.55, 0.87, 0.66], # journey    (x^2)\n",
    "            [0.57, 0.85, 0.64], # starts     (x^3)\n",
    "            [0.22, 0.58, 0.33], # with       (x^4)\n",
    "            [0.77, 0.25, 0.10], # one        (x^5)\n",
    "            [0.05, 0.80, 0.55], # step       (x^6)\n",
    "        ]\n",
    "    ]\n",
    ")\n",
    "\n",
    "d_in = 3\n",
    "d_out = 2\n",
    "context_length = batch.shape[1]"
   ]
  },
  {
   "cell_type": "code",
   "execution_count": 15,
   "id": "78e6dc30",
   "metadata": {},
   "outputs": [
    {
     "data": {
      "text/plain": [
       "tensor([[[-0.4519,  0.2216],\n",
       "         [-0.5874,  0.0058],\n",
       "         [-0.6300, -0.0632],\n",
       "         [-0.5675, -0.0843],\n",
       "         [-0.5526, -0.0981],\n",
       "         [-0.5299, -0.1081]]], grad_fn=<UnsafeViewBackward0>)"
      ]
     },
     "execution_count": 15,
     "metadata": {},
     "output_type": "execute_result"
    }
   ],
   "source": [
    "torch.manual_seed(123)\n",
    "ca = CausalSelfAttention(d_in=d_in, d_out=d_out, context_length=context_length, dropout=0)\n",
    "# shape batch * context_length * d_out\n",
    "ca(batch)"
   ]
  },
  {
   "cell_type": "markdown",
   "id": "091cce7a",
   "metadata": {},
   "source": [
    "## 多头注意力"
   ]
  },
  {
   "cell_type": "code",
   "execution_count": 3,
   "id": "245c38c3",
   "metadata": {},
   "outputs": [
    {
     "name": "stdout",
     "output_type": "stream",
     "text": [
      "tensor([[[-0.4519,  0.2216,  0.4772,  0.1063],\n",
      "         [-0.5874,  0.0058,  0.5891,  0.3257],\n",
      "         [-0.6300, -0.0632,  0.6202,  0.3860],\n",
      "         [-0.5675, -0.0843,  0.5478,  0.3589],\n",
      "         [-0.5526, -0.0981,  0.5321,  0.3428],\n",
      "         [-0.5299, -0.1081,  0.5077,  0.3493]]], grad_fn=<CatBackward0>)\n",
      "context_vecs shape: torch.Size([1, 6, 4])\n"
     ]
    }
   ],
   "source": [
    "import torch\n",
    "from SelfAttention import MultiHeadAttentionWrapper, MultiHeadAttention\n",
    "\n",
    "torch.manual_seed(123)\n",
    "\n",
    "# 一个批次一个元素\n",
    "batch =  torch.tensor([\n",
    "        [\n",
    "            [0.43, 0.15, 0.89], # Your       (x^1)\n",
    "            [0.55, 0.87, 0.66], # journey    (x^2)\n",
    "            [0.57, 0.85, 0.64], # starts     (x^3)\n",
    "            [0.22, 0.58, 0.33], # with       (x^4)\n",
    "            [0.77, 0.25, 0.10], # one        (x^5)\n",
    "            [0.05, 0.80, 0.55], # step       (x^6)\n",
    "        ]\n",
    "    ]\n",
    ")\n",
    "\n",
    "d_in = 3\n",
    "d_out = 2\n",
    "context_length = batch.shape[1]\n",
    "mha = MultiHeadAttentionWrapper(d_in, d_out, context_length, 0, num_heads=2)\n",
    "context_vecs = mha(batch)\n",
    "\n",
    "print(context_vecs)\n",
    "print(\"context_vecs shape:\", context_vecs.shape)"
   ]
  },
  {
   "cell_type": "code",
   "execution_count": null,
   "id": "7002631e",
   "metadata": {},
   "outputs": [
    {
     "name": "stdout",
     "output_type": "stream",
     "text": [
      "tensor([[[0.3190, 0.4858],\n",
      "         [0.2943, 0.3897],\n",
      "         [0.2856, 0.3593],\n",
      "         [0.2693, 0.3873],\n",
      "         [0.2639, 0.3928],\n",
      "         [0.2575, 0.4028]]], grad_fn=<ViewBackward0>)\n",
      "context_vecs shape: torch.Size([1, 6, 2])\n"
     ]
    }
   ],
   "source": [
    "torch.manual_seed(123)\n",
    "# 大语言模型架构中，默认对多头注意力上下文加量，增加一个线性投影层\n",
    "# 每个注意力输出的维度为 1\n",
    "mha = MultiHeadAttention(d_in, d_out, context_length, dropout=0, num_heads=2)\n",
    "\n",
    "context_vecs = mha(batch)\n",
    "\n",
    "print(context_vecs)\n",
    "print(\"context_vecs shape:\", context_vecs.shape)"
   ]
  }
 ],
 "metadata": {
  "kernelspec": {
   "display_name": "base",
   "language": "python",
   "name": "python3"
  },
  "language_info": {
   "codemirror_mode": {
    "name": "ipython",
    "version": 3
   },
   "file_extension": ".py",
   "mimetype": "text/x-python",
   "name": "python",
   "nbconvert_exporter": "python",
   "pygments_lexer": "ipython3",
   "version": "3.10.9"
  }
 },
 "nbformat": 4,
 "nbformat_minor": 5
}
